Puzzle 1 (Easy, difficulty rating 0.25)
2 5 7 1 6 9 8 3 4
6 1 4 8 3 7 5 9 2
3 8 9 2 4 5 7 6 1
9 3 8 5 1 4 6 2 7
5 7 6 3 9 2 4 1 8
4 2 1 7 8 6 9 5 3
1 6 2 9 7 8 3 4 5
7 4 5 6 2 3 1 8 9
8 9 3 4 5 1 2 7 6
Puzzle 2 (Easy, difficulty rating 0.36)
4 3 9 2 5 1 6 8 7
5 6 8 4 3 7 2 9 1
7 2 1 6 9 8 3 4 5
9 5 4 7 2 3 1 6 8
1 8 2 5 6 4 9 7 3
6 7 3 1 8 9 5 2 4
2 1 7 3 4 6 8 5 9
8 4 5 9 1 2 7 3 6
3 9 6 8 7 5 4 1 2
Puzzle 3 (Easy, difficulty rating 0.44)
4 8 6 5 2 9 7 3 1
5 9 1 3 7 6 4 8 2
7 3 2 4 8 1 6 9 5
9 6 4 2 1 7 3 5 8
3 5 7 9 4 8 1 2 6
1 2 8 6 5 3 9 7 4
2 1 3 8 9 4 5 6 7
8 4 9 7 6 5 2 1 3
6 7 5 1 3 2 8 4 9
Puzzle 4 (Easy, difficulty rating 0.43)
6 4 5 2 1 9 8 7 3
1 2 7 5 3 8 4 6 9
9 8 3 6 4 7 5 2 1
7 3 8 9 2 5 1 4 6
4 6 9 8 7 1 3 5 2
5 1 2 4 6 3 7 9 8
2 7 6 1 8 4 9 3 5
3 9 1 7 5 2 6 8 4
8 5 4 3 9 6 2 1 7
Puzzle 5 (Easy, difficulty rating 0.42)
7 3 5 1 2 6 9 4 8
4 6 2 8 9 3 7 1 5
1 8 9 4 7 5 2 6 3
6 9 7 3 4 8 5 2 1
3 4 8 2 5 1 6 9 7
5 2 1 7 6 9 3 8 4
9 5 4 6 1 7 8 3 2
8 1 6 5 3 2 4 7 9
2 7 3 9 8 4 1 5 6
Puzzle 6 (Easy, difficulty rating 0.38)
3 8 4 2 9 6 7 1 5
9 7 6 1 5 3 8 4 2
5 2 1 7 4 8 3 9 6
4 5 8 6 7 1 2 3 9
1 9 7 3 2 4 6 5 8
6 3 2 5 8 9 1 7 4
7 6 9 4 3 2 5 8 1
8 1 5 9 6 7 4 2 3
2 4 3 8 1 5 9 6 7
Puzzle 7 (Easy, difficulty rating 0.38)
7 1 5 6 4 2 9 8 3
6 8 3 5 7 9 2 4 1
4 9 2 1 3 8 6 5 7
2 4 9 8 5 1 3 7 6
1 6 7 4 2 3 5 9 8
3 5 8 7 9 6 1 2 4
9 2 6 3 8 7 4 1 5
8 3 4 2 1 5 7 6 9
5 7 1 9 6 4 8 3 2
Puzzle 8 (Easy, difficulty rating 0.40)
2 8 7 1 9 5 6 3 4
5 9 3 2 6 4 1 8 7
4 6 1 8 7 3 5 2 9
7 4 6 9 2 1 8 5 3
8 3 2 5 4 7 9 6 1
1 5 9 6 3 8 7 4 2
9 2 5 4 1 6 3 7 8
3 1 8 7 5 2 4 9 6
6 7 4 3 8 9 2 1 5
Puzzle 9 (Easy, difficulty rating 0.43)
1 6 3 5 9 8 2 4 7
5 7 4 1 2 3 8 9 6
2 9 8 4 7 6 5 3 1
3 1 7 8 5 4 6 2 9
6 2 5 7 1 9 3 8 4
4 8 9 3 6 2 1 7 5
7 3 6 2 4 5 9 1 8
9 4 2 6 8 1 7 5 3
8 5 1 9 3 7 4 6 2
Puzzle 10 (Easy, difficulty rating 0.36)
8 2 3 4 7 6 5 1 9
5 9 4 8 3 1 2 6 7
6 7 1 5 9 2 8 3 4
3 8 2 7 6 4 1 9 5
4 1 6 3 5 9 7 8 2
7 5 9 2 1 8 3 4 6
2 3 8 6 4 7 9 5 1
1 6 7 9 8 5 4 2 3
9 4 5 1 2 3 6 7 8
Puzzle 11 (Easy, difficulty rating 0.45)
8 1 9 2 7 6 3 5 4
6 7 5 3 4 1 2 8 9
2 3 4 8 5 9 6 7 1
4 6 1 5 9 7 8 2 3
7 9 2 6 8 3 1 4 5
5 8 3 1 2 4 7 9 6
9 4 6 7 3 8 5 1 2
3 5 8 9 1 2 4 6 7
1 2 7 4 6 5 9 3 8
Puzzle 12 (Easy, difficulty rating 0.43)
9 5 7 4 8 3 2 1 6
4 6 8 1 2 9 7 3 5
1 2 3 5 6 7 9 8 4
5 7 6 2 4 1 8 9 3
3 1 4 6 9 8 5 7 2
2 8 9 3 7 5 4 6 1
6 9 5 8 1 4 3 2 7
8 3 1 7 5 2 6 4 9
7 4 2 9 3 6 1 5 8
Puzzle 13 (Easy, difficulty rating 0.35)
4 9 1 2 6 8 3 5 7
5 6 2 9 7 3 4 8 1
3 8 7 5 4 1 9 2 6
9 5 4 3 2 6 7 1 8
2 7 3 8 1 5 6 4 9
6 1 8 4 9 7 5 3 2
7 3 5 1 8 9 2 6 4
1 4 9 6 3 2 8 7 5
8 2 6 7 5 4 1 9 3
Puzzle 14 (Easy, difficulty rating 0.43)
6 1 5 4 3 8 7 9 2
4 9 7 1 2 6 5 8 3
2 3 8 7 9 5 1 6 4
7 8 3 5 4 2 6 1 9
9 4 6 8 1 3 2 5 7
1 5 2 6 7 9 3 4 8
3 6 4 9 5 7 8 2 1
8 7 9 2 6 1 4 3 5
5 2 1 3 8 4 9 7 6
Puzzle 15 (Easy, difficulty rating 0.39)
4 2 6 8 9 5 3 7 1
5 1 7 4 3 6 8 2 9
3 8 9 2 1 7 6 4 5
2 3 4 7 8 1 5 9 6
1 9 5 6 2 3 7 8 4
6 7 8 9 5 4 1 3 2
8 6 2 5 7 9 4 1 3
9 5 1 3 4 8 2 6 7
7 4 3 1 6 2 9 5 8
Puzzle 16 (Easy, difficulty rating 0.38)
6 4 1 8 3 7 5 2 9
3 9 7 6 2 5 8 1 4
2 5 8 9 4 1 6 7 3
8 6 3 4 7 9 1 5 2
4 7 5 3 1 2 9 6 8
9 1 2 5 8 6 3 4 7
7 2 6 1 9 8 4 3 5
1 8 4 2 5 3 7 9 6
5 3 9 7 6 4 2 8 1
Puzzle 17 (Easy, difficulty rating 0.44)
9 4 3 6 7 1 8 5 2
5 2 6 3 9 8 1 7 4
1 7 8 4 5 2 3 9 6
6 3 2 8 1 7 9 4 5
4 8 5 9 6 3 2 1 7
7 9 1 5 2 4 6 3 8
3 5 7 1 8 6 4 2 9
8 1 9 2 4 5 7 6 3
2 6 4 7 3 9 5 8 1
Puzzle 18 (Easy, difficulty rating 0.43)
8 5 2 9 4 3 1 7 6
3 7 1 2 6 8 9 5 4
6 4 9 7 5 1 3 8 2
9 2 6 1 8 5 7 4 3
5 1 4 6 3 7 8 2 9
7 3 8 4 2 9 5 6 1
4 8 7 3 9 6 2 1 5
2 9 5 8 1 4 6 3 7
1 6 3 5 7 2 4 9 8
Puzzle 19 (Easy, difficulty rating 0.36)
7 1 2 4 5 8 3 6 9
5 9 6 7 3 1 8 2 4
3 4 8 2 9 6 1 7 5
1 7 3 8 2 4 5 9 6
6 8 9 5 7 3 4 1 2
4 2 5 1 6 9 7 3 8
9 6 4 3 8 7 2 5 1
8 5 7 9 1 2 6 4 3
2 3 1 6 4 5 9 8 7
Puzzle 20 (Easy, difficulty rating 0.41)
6 1 5 3 2 7 9 4 8
2 9 7 4 5 8 6 3 1
8 3 4 6 1 9 5 2 7
1 7 2 8 6 4 3 9 5
5 6 9 7 3 1 2 8 4
3 4 8 2 9 5 7 1 6
9 8 6 5 4 3 1 7 2
4 2 1 9 7 6 8 5 3
7 5 3 1 8 2 4 6 9
Puzzle 21 (Easy, difficulty rating 0.42)
8 4 1 2 3 9 6 7 5
9 6 2 5 8 7 3 4 1
7 5 3 1 6 4 2 9 8
1 7 6 4 9 2 5 8 3
4 2 9 3 5 8 7 1 6
3 8 5 7 1 6 4 2 9
2 9 8 6 4 5 1 3 7
5 1 7 8 2 3 9 6 4
6 3 4 9 7 1 8 5 2
Puzzle 22 (Easy, difficulty rating 0.34)
1 4 8 6 2 9 5 7 3
2 7 6 3 8 5 1 9 4
3 9 5 1 4 7 8 6 2
6 8 3 2 5 4 9 1 7
7 1 4 9 3 8 6 2 5
9 5 2 7 1 6 3 4 8
4 2 1 8 9 3 7 5 6
8 6 9 5 7 2 4 3 1
5 3 7 4 6 1 2 8 9
Puzzle 23 (Easy, difficulty rating 0.37)
8 3 4 7 5 6 1 2 9
2 6 1 3 4 9 5 8 7
9 5 7 8 2 1 6 3 4
4 1 5 2 9 3 8 7 6
3 9 6 1 7 8 2 4 5
7 2 8 4 6 5 9 1 3
5 8 2 9 3 4 7 6 1
6 7 3 5 1 2 4 9 8
1 4 9 6 8 7 3 5 2
Puzzle 24 (Easy, difficulty rating 0.38)
6 5 3 9 2 1 4 8 7
1 9 2 4 8 7 5 3 6
8 7 4 6 5 3 9 1 2
2 6 9 5 3 8 1 7 4
5 4 7 1 6 9 3 2 8
3 1 8 7 4 2 6 5 9
9 8 5 3 7 6 2 4 1
7 3 6 2 1 4 8 9 5
4 2 1 8 9 5 7 6 3
Puzzle 25 (Easy, difficulty rating 0.33)
6 4 1 3 5 7 2 9 8
7 5 2 8 9 6 1 3 4
8 9 3 1 2 4 5 6 7
2 8 6 5 4 9 7 1 3
9 3 7 6 1 8 4 2 5
5 1 4 7 3 2 6 8 9
4 6 9 2 8 5 3 7 1
1 7 8 4 6 3 9 5 2
3 2 5 9 7 1 8 4 6
Puzzle 26 (Easy, difficulty rating 0.42)
7 4 2 9 6 1 8 5 3
6 5 8 7 2 3 4 9 1
9 1 3 4 5 8 6 2 7
3 2 6 5 1 4 7 8 9
5 8 9 2 3 7 1 4 6
1 7 4 6 8 9 2 3 5
2 3 7 8 9 6 5 1 4
8 6 1 3 4 5 9 7 2
4 9 5 1 7 2 3 6 8
Puzzle 27 (Easy, difficulty rating 0.35)
3 4 9 6 7 5 8 1 2
7 1 2 3 4 8 5 9 6
6 5 8 9 2 1 4 3 7
5 2 3 4 8 7 1 6 9
4 8 6 1 9 2 7 5 3
9 7 1 5 6 3 2 8 4
2 9 4 8 1 6 3 7 5
8 6 5 7 3 4 9 2 1
1 3 7 2 5 9 6 4 8
Puzzle 28 (Easy, difficulty rating 0.37)
1 3 9 2 8 4 5 7 6
5 8 6 3 1 7 9 4 2
7 4 2 5 6 9 1 3 8
9 2 1 6 3 8 7 5 4
4 5 8 1 7 2 6 9 3
6 7 3 9 4 5 8 2 1
8 1 5 7 2 3 4 6 9
3 9 4 8 5 6 2 1 7
2 6 7 4 9 1 3 8 5
Puzzle 29 (Easy, difficulty rating 0.43)
7 1 2 9 5 3 8 6 4
5 6 3 4 8 2 7 9 1
4 8 9 7 1 6 3 5 2
1 2 5 6 7 9 4 3 8
9 4 7 5 3 8 1 2 6
8 3 6 2 4 1 9 7 5
6 9 1 3 2 4 5 8 7
3 5 8 1 6 7 2 4 9
2 7 4 8 9 5 6 1 3
Puzzle 30 (Easy, difficulty rating 0.36)
4 2 1 5 8 3 6 9 7
6 5 9 4 2 7 1 8 3
3 8 7 9 6 1 5 2 4
9 7 3 8 1 2 4 6 5
8 6 4 7 5 9 3 1 2
2 1 5 6 3 4 9 7 8
7 3 2 1 9 5 8 4 6
5 9 8 2 4 6 7 3 1
1 4 6 3 7 8 2 5 9
Puzzle 31 (Easy, difficulty rating 0.34)
1 5 4 3 2 6 8 9 7
6 9 8 5 4 7 3 1 2
2 7 3 9 8 1 4 6 5
8 4 9 6 5 2 1 7 3
3 6 5 7 1 8 9 2 4
7 2 1 4 9 3 6 5 8
4 3 6 2 7 9 5 8 1
5 1 7 8 6 4 2 3 9
9 8 2 1 3 5 7 4 6
Puzzle 32 (Easy, difficulty rating 0.43)
8 2 7 5 4 9 6 3 1
9 6 5 1 3 8 4 2 7
4 1 3 6 2 7 5 9 8
7 3 2 8 1 5 9 6 4
5 4 1 2 9 6 8 7 3
6 9 8 3 7 4 1 5 2
2 5 6 4 8 3 7 1 9
3 8 9 7 5 1 2 4 6
1 7 4 9 6 2 3 8 5
Puzzle 33 (Easy, difficulty rating 0.45)
8 3 9 2 1 6 5 7 4
6 1 4 7 5 8 3 9 2
2 5 7 9 4 3 6 1 8
9 8 5 1 3 2 7 4 6
3 4 2 6 7 9 1 8 5
7 6 1 5 8 4 9 2 3
1 2 3 4 9 5 8 6 7
5 9 6 8 2 7 4 3 1
4 7 8 3 6 1 2 5 9
Puzzle 34 (Easy, difficulty rating 0.41)
5 9 8 7 2 1 4 3 6
6 7 1 3 4 5 8 2 9
4 2 3 6 8 9 7 5 1
2 3 7 8 9 4 1 6 5
9 8 4 5 1 6 2 7 3
1 6 5 2 7 3 9 8 4
8 4 6 9 3 2 5 1 7
7 5 9 1 6 8 3 4 2
3 1 2 4 5 7 6 9 8
Puzzle 35 (Easy, difficulty rating 0.35)
9 5 8 3 7 4 2 1 6
3 1 7 9 6 2 5 8 4
4 2 6 1 8 5 9 7 3
5 3 4 6 2 1 7 9 8
6 8 1 4 9 7 3 5 2
7 9 2 8 5 3 4 6 1
1 4 9 7 3 6 8 2 5
8 6 5 2 4 9 1 3 7
2 7 3 5 1 8 6 4 9
Puzzle 36 (Easy, difficulty rating 0.43)
9 2 4 8 7 5 1 3 6
5 1 8 2 3 6 9 7 4
7 6 3 4 1 9 5 2 8
6 9 2 5 8 3 7 4 1
4 5 1 7 6 2 8 9 3
3 8 7 9 4 1 2 6 5
8 7 6 1 9 4 3 5 2
2 3 9 6 5 8 4 1 7
1 4 5 3 2 7 6 8 9
Puzzle 37 (Easy, difficulty rating 0.42)
6 5 4 8 7 9 2 3 1
7 2 9 3 6 1 5 8 4
1 8 3 4 2 5 7 9 6
5 4 7 2 1 8 9 6 3
3 9 2 5 4 6 8 1 7
8 6 1 9 3 7 4 2 5
9 1 5 6 8 4 3 7 2
2 7 8 1 5 3 6 4 9
4 3 6 7 9 2 1 5 8
Puzzle 38 (Easy, difficulty rating 0.37)
2 3 8 9 7 5 4 1 6
6 1 9 4 3 2 5 7 8
5 7 4 8 6 1 2 9 3
4 6 5 2 9 7 3 8 1
8 9 3 1 4 6 7 5 2
7 2 1 5 8 3 6 4 9
1 5 7 3 2 9 8 6 4
3 8 6 7 1 4 9 2 5
9 4 2 6 5 8 1 3 7
Puzzle 39 (Easy, difficulty rating 0.43)
6 2 7 3 4 5 1 8 9
9 4 8 6 1 7 5 3 2
3 1 5 8 2 9 7 4 6
4 7 2 1 9 8 6 5 3
8 6 1 5 3 2 9 7 4
5 3 9 4 7 6 2 1 8
2 9 4 7 5 3 8 6 1
1 5 6 9 8 4 3 2 7
7 8 3 2 6 1 4 9 5
Puzzle 40 (Easy, difficulty rating 0.27)
6 2 4 1 7 5 9 3 8
9 1 8 4 3 2 5 7 6
7 3 5 6 8 9 2 4 1
3 8 1 9 5 4 6 2 7
5 7 2 3 6 1 4 8 9
4 6 9 8 2 7 1 5 3
8 5 3 2 1 6 7 9 4
1 4 7 5 9 8 3 6 2
2 9 6 7 4 3 8 1 5
Puzzle 41 (Easy, difficulty rating 0.36)
6 5 4 7 3 2 8 9 1
2 8 9 1 6 5 3 7 4
3 1 7 4 8 9 6 2 5
1 2 6 8 5 7 4 3 9
5 7 8 9 4 3 1 6 2
4 9 3 2 1 6 5 8 7
9 6 5 3 7 1 2 4 8
7 4 1 6 2 8 9 5 3
8 3 2 5 9 4 7 1 6
Puzzle 42 (Easy, difficulty rating 0.31)
1 2 6 8 9 4 3 7 5
5 3 4 2 1 7 6 8 9
8 7 9 6 3 5 4 2 1
2 4 7 9 5 8 1 3 6
3 9 8 1 6 2 5 4 7
6 5 1 7 4 3 8 9 2
7 6 2 4 8 1 9 5 3
4 1 5 3 7 9 2 6 8
9 8 3 5 2 6 7 1 4
Puzzle 43 (Easy, difficulty rating 0.36)
6 3 5 2 8 7 4 9 1
4 1 9 5 6 3 7 2 8
7 2 8 1 9 4 3 5 6
1 8 3 7 4 9 5 6 2
2 7 6 8 1 5 9 3 4
5 9 4 3 2 6 1 8 7
8 5 2 9 7 1 6 4 3
3 4 1 6 5 8 2 7 9
9 6 7 4 3 2 8 1 5
Puzzle 44 (Easy, difficulty rating 0.40)
2 6 8 7 3 9 5 4 1
9 1 5 8 4 6 3 2 7
7 4 3 5 2 1 8 9 6
3 9 4 6 1 8 2 7 5
6 8 7 9 5 2 1 3 4
1 5 2 3 7 4 6 8 9
8 7 1 2 9 5 4 6 3
4 3 6 1 8 7 9 5 2
5 2 9 4 6 3 7 1 8
Puzzle 45 (Easy, difficulty rating 0.35)
1 8 4 3 6 9 7 2 5
3 5 2 8 4 7 9 6 1
6 9 7 5 2 1 8 4 3
2 1 5 4 8 3 6 7 9
9 4 6 2 7 5 3 1 8
7 3 8 1 9 6 2 5 4
8 6 1 9 5 2 4 3 7
5 2 9 7 3 4 1 8 6
4 7 3 6 1 8 5 9 2
Puzzle 46 (Easy, difficulty rating 0.44)
1 5 3 4 9 2 7 8 6
9 8 7 6 1 3 2 4 5
2 4 6 8 7 5 9 3 1
3 2 1 5 6 9 8 7 4
4 9 5 2 8 7 6 1 3
7 6 8 1 3 4 5 9 2
6 3 2 9 4 8 1 5 7
5 7 9 3 2 1 4 6 8
8 1 4 7 5 6 3 2 9
Puzzle 47 (Easy, difficulty rating 0.43)
7 2 1 9 4 8 5 3 6
3 8 6 5 7 1 4 2 9
4 9 5 6 2 3 8 1 7
6 7 2 8 5 4 1 9 3
9 5 8 3 1 6 2 7 4
1 4 3 7 9 2 6 8 5
2 3 4 1 6 7 9 5 8
8 1 9 4 3 5 7 6 2
5 6 7 2 8 9 3 4 1
Puzzle 48 (Easy, difficulty rating 0.33)
3 2 8 9 6 4 1 7 5
7 5 1 3 8 2 4 9 6
9 4 6 5 7 1 3 2 8
2 1 3 6 4 7 5 8 9
4 9 7 8 1 5 6 3 2
8 6 5 2 9 3 7 4 1
6 3 4 1 2 9 8 5 7
1 7 9 4 5 8 2 6 3
5 8 2 7 3 6 9 1 4